0S
602228095 969
12701 1
45577 1
12701 1
-12701 -1
11734 1
-11734 -1
45577 1
-45577 -1
45850 1
-45850 -1
1075 1
-1075 -1
50816 1
-50816 -1
9915 1
-9915 -1
1649 1
-1649 -1
2684 1
-2684 -1
23025 1
-23025 -1
18304 1
-18304 -1
9872 1
-9872 -1
929 1
-929 -1
330377 1
330243 1
443 1
18578446 1
-330377 -1
38731 1
16786 1
13003 1
16786 1
-16786 -1
13003 1
-13003 -1
15110 1
15110 1
-15110 -1
2684 1
16453 1
16453 1
-16453 -1
2022 1
2017 1
1942 1
38979 1
9539 1
9539 1
-9539 -1
38979 1
-38979 -1
1942 1
-1942 -1
2017 1
-2017 -1
2022 1
-2022 -1
2684 1
-2684 -1
12696 1
1084 1
15084 1
4705 1
79330 1
16345 1
1048 1
31151 1
31429 2
-31429 -2
1155 1
13370 1
1155 1
-1155 -1
1048 1
-1048 -1
1117 1
1389 1
1571 1
2009 1
2120 1
3620 1
-8206 -5
45852 1
45852 1
-45852 -1
13370 1
-13370 -1
17540 1
24792 1
24792 1
-24792 -1
55396 1
36708 1
36708 1
-36708 -1
18302 1
14115 1
-14115 -1
2684 1
1084 1
-1084 -1
18293 1
-18293 -1
46274 1
-46274 -1
22624 1
-22624 -1
2058 1
20468486 1
2096 1
2022 1
18578573 1
9609 1
69597 1
69597 1
-69597 -1
9609 1
-9609 -1
2022 1
-2022 -1
2096 1
-2096 -1
2058 1
-2058 -1
2684 1
-2684 -1
24349 1
1733 1
37782 1
15883 1
1641 1
15883 1
-15883 -1
1733 1
-1733 -1
39772 1
47447 1
24349 1
-24349 -1
1035 1
47447 1
-47447 -1
2684 1
2066 1
2164 1
2087 1
2098 1
2058 1
2069 1
2069 1
-2069 -1
4156 2
-4156 -2
4251 2
-4251 -2
2066 1
-2066 -1
2684 1
-2684 -1
1050 1
1050 1
-1050 -1
22682 1
22682 1
-22682 -1
1641 1
-1641 -1
39772 1
-39772 -1
2351 1
-1050 -1
-1641 -1
-2684 -1
-2066 -1
-2087 -1
-2164 -1
-2058 -1
229 1
-229 -1
79330 1
-79330 -1
31151 1
-31151 -1
17540 1
-17540 -1
55396 1
-55396 -1
18302 1
-18302 -1
37782 1
-37782 -1
2684 1
-2684 -1
45086 1
-45086 -1
6554 1
-6554 -1
16345 1
-16345 -1
426 1
8626 1
-8626 -1
2819 1
2819 1
-2819 -1
2837 1
979 1
46508 1
10892 1
98433 1
21379 1
1007 1
21379 1
-21379 -1
1007 1
-1007 -1
98433 1
-98433 -1
10892 1
-10892 -1
46508 1
-46508 -1
979 1
-979 -1
2837 1
-2837 -1
16367 1
16367 1
-16367 -1
16680 1
38971 1
38971 1
-38971 -1
47415 1
3617 1
3617 1
-3617 -1
47415 1
-47415 -1
3122 1
36160 1
45611 1
1067 1
46621 1
1067 1
-1067 -1
45611 1
-45611 -1
36160 1
-36160 -1
3122 1
-3122 -1
46621 1
-46621 -1
8626 1
-8626 -1
951 1
918 1
1219 1
16576 1
930 1
16682 1
125104 1
33258 2
-33258 -2
125104 1
-125104 -1
930 1
-930 -1
1219 1
-1219 -1
918 1
-918 -1
951 1
-951 -1
16680 1
-16680 -1
12696 1
-12696 -1
45236 1
3122 1
43299 1
48661 1
10608 1
1024 1
58944 1
3505 1
15519 1
16384 1
1250 1
1248 1
16680 1
48631 1
1492 1
3122 1
4459 1
50303 1
1560 1
15432 1
11015 1
2271 1
9858 1
7511 1
58350 4
-58350 -4
47038 1
16287 1
48661 1
-48661 -1
46421 2
-46421 -2
45236 1
-45236 -1
10608 1
-10608 -1
1024 1
-1024 -1
58944 1
-58944 -1
3505 1
-3505 -1
1250 1
-1250 -1
1248 1
-1248 -1
48631 1
-48631 -1
1492 1
-1492 -1
3122 1
-3122 -1
50303 1
-50303 -1
1560 1
-1560 -1
12129 2
-12129 -2
7511 1
-7511 -1
47038 1
-47038 -1
16287 1
-16287 -1
2351 1
-2351 -1
4459 1
-4459 -1
3122 1
54841 1
10352 1
1048 1
1125 1
1009 1
918 1
1009 1
-1009 -1
1125 1
-1125 -1
1048 1
-1048 -1
10352 1
-10352 -1
54841 1
-54841 -1
3122 1
-3122 -1
16677 1
38760 1
1085 1
45903 1
20481142 1
16364 1
35328 1
3122 1
40121 1
56485 2
-56485 -2
45903 1
-45903 -1
1085 1
-1085 -1
918 1
-918 -1
38760 1
-38760 -1
5164 1
38450 2
-38450 -2
20479198 1
20482739 1
16680 1
-16680 -1
16677 1
-16677 -1
20479198 1
20479198 1
-20479198 -1
559 1
-559 -1
53761 1
2447 1
